image: ./map.pgm
resolution: 0.010000
origin: [-5.276736, -7.165459, 0.000000]
negate: 0
occupied_thresh: 0.65
free_thresh: 0.196

